6887997192
8767125399
4439144517
6185884715
7587418153
2999338423
8834854139
7228648348
1918644195
5371458797
9891315891
4512735856
3719424713
6237435392
6853131613
4273991532
9219232496
7769252842
4657877295
7276467181
9571974192
6579169539
1891999583
5547154695
9195672947
4453292796
2911889557
4974441766
8917923248
7146218799
6287334651
8744377747
9721754488
9934445598
3515281866
3281881794
1115286771
7692394251
1585557119
8253424439
2986124562
4936888837
1273787391
7318526438
1941371899
3149228617
5118893433
3563219382
7177127691
2223598657
0